## htsjdk.samtools.metrics.StringHeader
# picard.analysis.CollectMultipleMetrics INPUT=/n/data1/hms/dbmi/park/daniel/BiO/Data/AshkenazimTrio/HG002.hs37d5.60x.1.addrg.bam OUTPUT=/n/data1/hms/dbmi/park/daniel/BiO/Data/AshkenazimTrio/HG002.hs37d5.60x.1.addrg.bam.cmm VALIDATION_STRINGENCY=LENIENT    ASSUME_SORTED=true STOP_AFTER=0 PROGRAM=[CollectAlignmentSummaryMetrics, CollectInsertSizeMetrics, QualityScoreDistribution, MeanQualityByCycle, CollectBaseDistributionByCycle] VERBOSITY=INFO QUIET=false COMPRESSION_LEVEL=5 MAX_RECORDS_IN_RAM=500000 CREATE_INDEX=false CREATE_MD5_FILE=false
## htsjdk.samtools.metrics.StringHeader
# Started on: Fri Aug 09 09:43:48 EDT 2019

## METRICS CLASS	picard.analysis.BaseDistributionByCycleMetrics
READ_END	CYCLE	PCT_A	PCT_C	PCT_G	PCT_T	PCT_N
1	1	31.321163	18.738059	18.542975	31.356819	0.040984
1	2	31.20846	18.820785	18.721326	31.248863	0.000566
1	3	31.06253	18.937863	18.777457	31.219736	0.002414
1	4	30.68941	19.278658	19.154208	30.846403	0.031321
1	5	30.74688	19.183316	19.150741	30.878374	0.040688
1	6	30.469259	19.525868	19.474262	30.526814	0.003797
1	7	30.601311	19.365563	19.340631	30.691858	0.000637
1	8	30.633306	19.330993	19.263062	30.772639	0
1	9	30.60204	19.344863	19.259649	30.793449	0
1	10	30.479484	19.50178	19.412101	30.606154	0.000481
1	11	30.576644	19.411555	19.335557	30.67445	0.001795
1	12	30.560664	19.427887	19.337881	30.673199	0.00037
1	13	30.638964	19.329086	19.248719	30.782577	0.000654
1	14	30.57708	19.389981	19.304867	30.728003	0.000068
1	15	30.558699	19.414578	19.332066	30.694574	0.000083
1	16	30.561144	19.426182	19.338686	30.673976	0.000013
1	17	30.548199	19.419571	19.347611	30.684485	0.000134
1	18	30.49474	19.478136	19.379984	30.647063	0.000076
1	19	30.443291	19.528473	19.427352	30.599081	0.001803
1	20	30.381756	19.589928	19.487948	30.539899	0.000469
1	21	30.385182	19.595067	19.501666	30.515387	0.002698
1	22	30.344673	19.635968	19.542661	30.47668	0.000018
1	23	30.322418	19.642124	19.539449	30.495988	0.00002
1	24	30.237985	19.725181	19.629184	30.407493	0.000157
1	25	30.239439	19.720432	19.6293	30.409455	0.001372
1	26	30.224063	19.761115	19.661509	30.352429	0.000884
1	27	30.195712	19.783992	19.700845	30.317792	0.001659
1	28	30.188137	19.791388	19.697438	30.321003	0.002034
1	29	30.134657	19.829388	19.741065	30.292081	0.002809
1	30	30.098204	19.869287	19.784483	30.245965	0.002061
1	31	30.101081	19.886954	19.802014	30.208982	0.000969
1	32	30.09001	19.887014	19.816902	30.205314	0.00076
1	33	30.071172	19.895233	19.811326	30.220359	0.00191
1	34	30.058175	19.901941	19.823895	30.215856	0.000134
1	35	30.007774	19.957922	19.883525	30.150731	0.000049
1	36	30.036523	19.943044	19.869666	30.150532	0.000235
1	37	30.060087	19.917022	19.843576	30.177681	0.001635
1	38	30.010539	19.953885	19.876208	30.159329	0.000038
1	39	29.985878	19.979937	19.895894	30.137782	0.000509
1	40	29.966396	20.011858	19.925004	30.096742	0
1	41	29.998683	19.990905	19.91718	30.093233	0
1	42	29.983082	20.00518	19.9152	30.096364	0.000175
1	43	29.983785	19.989523	19.896249	30.130442	0
1	44	29.932634	20.045356	19.944144	30.077865	0
1	45	29.930983	20.054911	19.94806	30.066031	0.000015
1	46	29.96114	20.032981	19.934986	30.070721	0.000173
1	47	29.9557	20.028823	19.936271	30.079195	0.00001
1	48	29.926234	20.048947	19.942516	30.082207	0.000096
1	49	29.899442	20.080083	19.969807	30.050184	0.000485
1	50	29.894854	20.089315	19.987465	30.027062	0.001304
1	51	29.930164	20.065102	19.965028	30.039171	0.000536
1	52	29.920916	20.065111	19.968801	30.043848	0.001324
1	53	29.927485	20.045962	19.949936	30.075969	0.000648
1	54	29.887167	20.088021	19.988565	30.033071	0.003176
1	55	29.872161	20.111012	20.013143	30.002228	0.001457
1	56	29.887599	20.10338	20.005026	30.002046	0.001949
1	57	29.910257	20.069244	19.989496	30.030085	0.000919
1	58	29.909778	20.062034	19.96947	30.057859	0.000859
1	59	29.865603	20.104476	20.011576	30.01821	0.000135
1	60	29.851498	20.130815	20.034242	29.983444	0
1	61	29.876339	20.119538	20.032805	29.971318	0
1	62	29.881142	20.10168	20.014438	30.002738	0.000002
1	63	29.884676	20.080958	20.001161	30.032765	0.00044
1	64	29.859591	20.114115	20.02559	30.000704	0
1	65	29.847749	20.133684	20.038638	29.97975	0.000179
1	66	29.878871	20.110811	20.029414	29.98018	0.000723
1	67	29.881321	20.114399	20.024707	29.979572	0
1	68	29.876918	20.105667	20.009587	30.007828	0
1	69	29.842698	20.142981	20.038985	29.975336	0.000001
1	70	29.83439	20.15728	20.061884	29.946413	0.000033
1	71	29.844136	20.157075	20.06787	29.930918	0
1	72	29.850234	20.141326	20.059339	29.949101	0
1	73	29.846055	20.126655	20.041544	29.985513	0.000233
1	74	29.83335	20.14394	20.056607	29.965768	0.000336
1	75	29.824867	20.155418	20.072051	29.947664	0
1	76	29.854908	20.14358	20.055111	29.946349	0.000052
1	77	29.868673	20.122724	20.03336	29.975243	0
1	78	29.844463	20.137794	20.041322	29.976419	0.000002
1	79	29.819777	20.16133	20.068877	29.949848	0.000168
1	80	29.795904	20.192214	20.104057	29.907777	0.000048
1	81	29.843685	20.152002	20.063847	29.940466	0
1	82	29.857471	20.134313	20.050397	29.957819	0
1	83	29.865553	20.114514	20.029556	29.990378	0
1	84	29.819069	20.162106	20.08033	29.938491	0.000004
1	85	29.832845	20.160548	20.0697	29.936905	0.000001
1	86	29.863621	20.144081	20.049599	29.941695	0.001005
1	87	29.87534	20.123504	20.027724	29.973431	0.000002
1	88	29.834912	20.156562	20.050885	29.957641	0
1	89	29.808021	20.17883	20.071857	29.941293	0
1	90	29.805038	20.194371	20.079055	29.921535	0
1	91	29.807325	20.188859	20.08437	29.919442	0.000003
1	92	29.830778	20.173048	20.060595	29.935569	0.00001
1	93	29.830873	20.157889	20.046541	29.964004	0.000693
1	94	29.795601	20.202411	20.080218	29.921574	0.000196
1	95	29.797625	20.204536	20.083918	29.913906	0.000016
1	96	29.815741	20.196176	20.077637	29.910446	0
1	97	29.836073	20.173657	20.057235	29.933035	0
1	98	29.82492	20.1742	20.060452	29.940423	0.000005
1	99	29.807575	20.187677	20.076648	29.9281	0
1	100	29.779342	20.218374	20.103629	29.898655	0
1	101	29.795254	20.211591	20.113541	29.879553	0.00006
1	102	29.820565	20.182949	20.072649	29.923787	0.00005
1	103	29.811627	20.186154	20.07287	29.928661	0.000687
1	104	29.78863	20.209556	20.094514	29.907298	0.000002
1	105	29.791829	20.218074	20.100543	29.888545	0.00101
1	106	29.828414	20.186054	20.08057	29.904958	0.000004
1	107	29.851319	20.158818	20.054423	29.93544	0
1	108	29.846027	20.156454	20.044765	29.952752	0.000002
1	109	29.809855	20.190792	20.080902	29.918447	0.000004
1	110	29.819436	20.188218	20.083807	29.907621	0.000918
1	111	29.832757	20.18581	20.083731	29.897605	0.000096
1	112	29.838593	20.176557	20.079067	29.905771	0.000013
1	113	29.845635	20.162556	20.04863	29.943131	0.000047
1	114	29.831219	20.176716	20.054831	29.937167	0.000067
1	115	29.816367	20.194552	20.077384	29.911687	0.000011
1	116	29.832835	20.182529	20.076904	29.907732	0
1	117	29.838479	20.179121	20.064763	29.917637	0
1	118	29.833744	20.168105	20.059342	29.93881	0
1	119	29.81584	20.192178	20.078176	29.913803	0.000003
1	120	29.795312	20.217858	20.09295	29.893881	0
1	121	29.812163	20.203697	20.096953	29.887095	0.000091
1	122	29.835376	20.178009	20.071378	29.915237	0
1	123	29.830168	20.178158	20.058215	29.93339	0.000069
1	124	29.806538	20.200712	20.072595	29.92011	0.000044
1	125	29.806094	20.210623	20.08046	29.902824	0
1	126	29.828852	20.202153	20.067589	29.901275	0.000132
1	127	29.845985	20.177254	20.048314	29.928447	0
1	128	29.83922	20.17621	20.040623	29.943947	0
1	129	29.808475	20.207452	20.065724	29.918272	0.000078
1	130	29.802245	20.214387	20.078691	29.904677	0
1	131	29.823589	20.208688	20.072353	29.895185	0.000185
1	132	29.837836	20.191976	20.050584	29.919604	0
1	133	29.813602	20.205268	20.065589	29.915542	0
1	134	29.798295	20.222224	20.073371	29.90611	0
1	135	29.794675	20.230867	20.08211	29.892348	0
1	136	29.825339	20.206771	20.062953	29.904933	0.000005
1	137	29.844753	20.180835	20.035857	29.938555	0
1	138	29.836219	20.186153	20.02496	29.952351	0.000317
1	139	29.811963	20.211994	20.053431	29.922239	0.000373
1	140	29.812025	20.210556	20.055883	29.921532	0.000004
1	141	29.836161	20.189703	20.045848	29.928289	0
1	142	29.855859	20.168438	20.025043	29.95029	0.000371
1	143	29.842854	20.176991	20.023752	29.956361	0.000042
1	144	29.819605	20.191081	20.049931	29.938988	0.000394
1	145	29.823771	20.197192	20.057487	29.921551	0
1	146	29.850301	20.173987	20.038757	29.936953	0.000002
1	147	29.880399	20.149855	20.010573	29.958909	0.000263
1	148	29.811704	20.200513	20.043844	29.911491	0.032447
2	149	31.769248	18.298648	18.152197	31.723221	0.056686
2	150	31.307184	18.713484	18.753903	31.198792	0.026637
2	151	30.94641	19.020761	18.989149	31.011275	0.032405
2	152	30.490377	19.458443	19.448839	30.574667	0.027674
2	153	30.706093	19.240698	19.270078	30.755309	0.027822
2	154	30.379932	19.637416	19.637617	30.33523	0.009805
2	155	30.543144	19.416703	19.478846	30.548338	0.012969
2	156	30.632865	19.328671	19.324528	30.696079	0.017857
2	157	30.59922	19.343735	19.330844	30.714204	0.011997
2	158	30.481385	19.51368	19.471951	30.52485	0.008134
2	159	30.580824	19.405817	19.391328	30.610247	0.011784
2	160	30.580615	19.41736	19.391921	30.600112	0.009991
2	161	30.650411	19.320383	19.288948	30.729226	0.011032
2	162	30.591609	19.379142	19.358353	30.665172	0.005724
2	163	30.575363	19.409891	19.389375	30.621337	0.004034
2	164	30.565548	19.427026	19.40653	30.592891	0.008005
2	165	30.553745	19.428471	19.407335	30.60374	0.006709
2	166	30.492827	19.484449	19.454375	30.561526	0.006825
2	167	30.448448	19.539679	19.493052	30.514299	0.004522
2	168	30.376863	19.605771	19.559228	30.455016	0.003122
2	169	30.388345	19.609084	19.567502	30.430834	0.004235
2	170	30.339319	19.654151	19.618834	30.380593	0.007102
2	171	30.306541	19.658395	19.625998	30.401195	0.007871
2	172	30.244528	19.733293	19.69926	30.315336	0.007582
2	173	30.252817	19.728393	19.687752	30.325682	0.005356
2	174	30.234853	19.76581	19.733225	30.259808	0.006304
2	175	30.205531	19.792721	19.768965	30.228369	0.004413
2	176	30.197409	19.798254	19.757756	30.242952	0.00363
2	177	30.143944	19.834215	19.799904	30.217134	0.004804
2	178	30.103929	19.877681	19.853363	30.158934	0.006093
2	179	30.11184	19.878854	19.860783	30.141865	0.006657
2	180	30.092392	19.900193	19.883086	30.114832	0.009497
2	181	30.076539	19.90033	19.870939	30.141672	0.01052
2	182	30.06317	19.908302	19.893035	30.127107	0.008386
2	183	30.011008	19.962973	19.94067	30.072824	0.012525
2	184	30.041585	19.949978	19.925468	30.07015	0.012819
2	185	30.06533	19.923992	19.900243	30.10033	0.010105
2	186	30.014256	19.958642	19.936025	30.082085	0.008991
2	187	29.986675	19.980676	19.95693	30.066275	0.009443
2	188	29.968409	20.016929	19.986888	30.017529	0.010244
2	189	30.009183	19.976292	19.975626	30.029161	0.009738
2	190	29.981454	20.006941	19.993958	30.00847	0.009177
2	191	29.979023	19.991544	19.966058	30.054134	0.009241
2	192	29.940024	20.036712	20.007419	30.003884	0.011962
2	193	29.925693	20.061131	20.017903	29.984202	0.011071
2	194	29.962483	20.035651	19.999573	29.993218	0.009075
2	195	29.954253	20.028126	20.005546	29.998713	0.013362
2	196	29.923586	20.046911	20.013074	30.002102	0.014327
2	197	29.903359	20.080007	20.033976	29.970573	0.012085
2	198	29.899357	20.082453	20.056087	29.950351	0.011752
2	199	29.938345	20.055171	20.028365	29.967838	0.010281
2	200	29.93204	20.056988	20.036523	29.964566	0.009882
2	201	29.929459	20.03727	20.016043	30.006262	0.010966
2	202	29.891951	20.074079	20.057051	29.957353	0.019565
2	203	29.876744	20.106015	20.08095	29.920476	0.015815
2	204	29.896766	20.091921	20.068087	29.928346	0.01488
2	205	29.925651	20.048794	20.052883	29.96153	0.011142
2	206	29.922338	20.048557	20.03779	29.980898	0.010417
2	207	29.877782	20.093562	20.079143	29.929764	0.019749
2	208	29.865767	20.121161	20.102548	29.897569	0.012956
2	209	29.887903	20.10693	20.094291	29.893625	0.017252
2	210	29.882352	20.096543	20.089411	29.920607	0.011087
2	211	29.895886	20.066142	20.059913	29.964097	0.013961
2	212	29.865696	20.10151	20.092486	29.923305	0.017004
2	213	29.849544	20.12533	20.108725	29.90645	0.009951
2	214	29.876328	20.107916	20.094115	29.900783	0.020859
2	215	29.870851	20.112884	20.102025	29.891729	0.022512
2	216	29.877334	20.096066	20.076564	29.928871	0.021165
2	217	29.841647	20.13596	20.114433	29.898029	0.009931
2	218	29.830879	20.146825	20.131978	29.872504	0.017814
2	219	29.83657	20.149062	20.144123	29.850707	0.019538
2	220	29.848599	20.135449	20.132346	29.869075	0.014531
2	221	29.851138	20.111582	20.106946	29.915657	0.014678
2	222	29.832404	20.137016	20.125983	29.889209	0.015389
2	223	29.826817	20.149207	20.136519	29.873326	0.01413
2	224	29.852071	20.134397	20.129341	29.873184	0.011007
2	225	29.866174	20.110545	20.101168	29.897847	0.024266
2	226	29.844942	20.121465	20.107031	29.907325	0.019236
2	227	29.816711	20.146494	20.141598	29.876473	0.018724
2	228	29.793053	20.177475	20.176906	29.837857	0.014709
2	229	29.845109	20.139782	20.140892	29.863013	0.011205
2	230	29.855959	20.122479	20.122816	29.884121	0.014624
2	231	29.870792	20.097795	20.101937	29.911086	0.01839
2	232	29.822939	20.151676	20.154349	29.860965	0.010072
2	233	29.82503	20.157116	20.143511	29.85917	0.015172
2	234	29.854298	20.138995	20.127923	29.865749	0.013036
2	235	29.864578	20.117216	20.103006	29.895966	0.019234
2	236	29.821173	20.149797	20.128613	29.877575	0.022842
2	237	29.800218	20.169122	20.150912	29.860652	0.019097
2	238	29.797635	20.185976	20.165075	29.840292	0.011022
2	239	29.809724	20.170915	20.156171	29.853098	0.010091
2	240	29.822521	20.165739	20.146477	29.855495	0.009768
2	241	29.830163	20.137445	20.119539	29.896499	0.016354
2	242	29.7913	20.183119	20.161875	29.851923	0.011783
2	243	29.790876	20.185055	20.166419	29.837428	0.020222
2	244	29.803828	20.181938	20.170134	29.830079	0.014021
2	245	29.832975	20.147809	20.138246	29.867019	0.013951
2	246	29.815592	20.156962	20.137984	29.869555	0.019908
2	247	29.813942	20.164324	20.156184	29.854186	0.011365
2	248	29.772292	20.193992	20.190005	29.824789	0.018922
2	249	29.793371	20.187592	20.192581	29.81348	0.012976
2	250	29.807976	20.164978	20.156347	29.857196	0.013503
2	251	29.812996	20.154964	20.141468	29.873821	0.016751
2	252	29.783792	20.181932	20.17131	29.843999	0.018967
2	253	29.784663	20.187672	20.183223	29.831741	0.012701
2	254	29.827437	20.15073	20.148894	29.852237	0.020703
2	255	29.852795	20.124146	20.123462	29.877268	0.022329
2	256	29.832702	20.129174	20.126049	29.891071	0.021005
2	257	29.818939	20.153976	20.14854	29.866069	0.012477
2	258	29.81172	20.158206	20.153642	29.855461	0.020972
2	259	29.834385	20.14502	20.141956	29.852299	0.02634
2	260	29.839657	20.135699	20.141372	29.861148	0.022124
2	261	29.840655	20.126946	20.121215	29.892305	0.018878
2	262	29.825079	20.139317	20.131818	29.883843	0.019943
2	263	29.809495	20.158993	20.155544	29.855388	0.02058
2	264	29.822457	20.1472	20.153404	29.851058	0.02588
2	265	29.83365	20.146271	20.148856	29.854723	0.016499
2	266	29.824152	20.136952	20.140933	29.879901	0.018062
2	267	29.816958	20.148634	20.155914	29.859207	0.019287
2	268	29.791443	20.171819	20.173192	29.844754	0.018792
2	269	29.809123	20.165256	20.178506	29.833272	0.013842
2	270	29.840714	20.127723	20.141995	29.868602	0.020965
2	271	29.826459	20.133	20.136538	29.882967	0.021036
2	272	29.806097	20.151785	20.157029	29.861508	0.02358
2	273	29.798039	20.161904	20.168271	29.849533	0.022253
2	274	29.833061	20.140068	20.148947	29.858123	0.0198
2	275	29.842773	20.123952	20.137573	29.873967	0.021734
2	276	29.830644	20.12847	20.136714	29.885628	0.018544
2	277	29.803992	20.154395	20.161886	29.861184	0.018543
2	278	29.793592	20.173254	20.18117	29.835027	0.016957
2	279	29.822632	20.149025	20.164586	29.841982	0.021775
2	280	29.829351	20.139244	20.154017	29.853009	0.02438
2	281	29.822968	20.138398	20.146663	29.868234	0.023737
2	282	29.780871	20.176025	20.185159	29.834808	0.023137
2	283	29.784744	20.17612	20.186018	29.829723	0.023394
2	284	29.829562	20.135195	20.154013	29.855861	0.025369
2	285	29.843609	20.126097	20.134986	29.87223	0.023078
2	286	29.826528	20.125382	20.136902	29.886617	0.024571
2	287	29.807675	20.142612	20.159601	29.863412	0.026699
2	288	29.810901	20.149584	20.161179	29.854228	0.024108
2	289	29.819123	20.146494	20.170469	29.841561	0.022353
2	290	29.852706	20.11109	20.130717	29.880961	0.024526
2	291	29.838987	20.123715	20.129817	29.890211	0.01727
2	292	29.822042	20.136417	20.151687	29.87003	0.019824
2	293	29.796168	20.167727	20.185601	29.827249	0.023254
2	294	29.850931	20.114735	20.140972	29.869336	0.024026
2	295	29.873101	20.100686	20.123667	29.8791	0.023446
2	296	29.757436	20.160171	20.189861	29.794461	0.098072


